45	66	200	36
45	66	200	36
45	66	200	36
45	66	200	36
45	66	200	36
45	66	200	36
45	66	200	36
45	66	200	36
45	66	200	36
45	66	200	36
45	66	200	36
45	66	200	36
45	66	200	36
45	66	200	36
45	66	200	36
45	66	200	36
45	66	200	36
45	66	200	36
45	66	200	36
45	66	200	36
45	66	200	36
45	66	200	36
45	66	200	36
45	66	200	36
45	66	200	36
45	66	200	36
45	66	200	200
45	66	200	200
45	66	200	200
45	66	200	200
45	66	200	200
45	66	200	200
45	66	200	200
45	66	200	200
45	66	200	200
45	66	200	200
45	66	200	200
45	67	200	200
45	67	200	200
45	67	200	200
45	67	200	200
45	67	200	200
45	67	200	200
45	67	200	200
45	67	200	200
45	67	200	200
45	67	200	200
45	67	200	200
45	66	200	200
45	66	200	200
45	66	200	200
45	66	200	200
45	66	200	200
45	66	200	200
45	66	200	43
45	66	200	43
45	66	200	43
45	66	200	43
45	66	200	43
45	66	200	200
45	66	200	200
45	66	200	200
45	66	200	200
45	66	200	200
45	66	200	200
45	66	200	200
45	66	200	200
45	66	200	200
45	66	200	200
45	66	200	200
45	66	200	200
45	66	200	200
45	66	200	200
45	66	200	200
45	66	200	200
45	66	200	200
45	66	200	200
45	66	200	200
45	66	200	200
45	66	200	200
45	66	200	41
45	66	200	41
45	66	200	41
45	66	200	41
45	66	200	41
45	66	200	41
45	66	200	41
45	66	200	41
45	66	200	41
45	66	200	41
45	66	200	41
45	66	200	41
45	66	200	41
45	66	200	41
45	66	200	41
45	66	200	41
45	66	200	41
45	66	200	41
45	66	200	41
45	66	200	41
45	66	200	41
45	66	200	41
45	65	200	41
45	65	200	41
45	65	200	41
45	65	200	41
45	66	200	41
45	66	200	41
45	66	200	41
45	66	200	41
45	66	200	41
45	66	200	41
45	66	200	41
43	66	200	41
43	66	200	41
43	66	200	41
43	66	200	41
43	66	200	41
43	66	200	41
43	66	200	41
45	67	200	41
45	67	200	41
45	67	200	41
45	67	200	41
45	67	200	41
45	67	200	41
45	67	200	41
45	67	200	41
45	66	200	41
45	66	200	41
45	66	200	41
45	66	200	41
45	66	200	41
45	66	200	41
45	66	200	41
45	66	200	41
45	66	200	41
45	66	200	41
45	66	200	41
45	66	200	41
45	66	200	41
45	66	200	41
45	66	200	41
45	66	200	41
45	66	200	41
45	66	200	41
45	66	200	41
45	66	200	41
45	66	200	41
45	66	200	41
45	67	200	36
45	67	200	36
45	67	200	36
45	67	200	36
45	67	200	36
45	67	200	36
45	67	200	36
45	66	200	41
45	66	200	41
45	66	200	41
45	66	200	41
45	66	200	41
45	66	200	41
45	66	200	41
45	66	200	40
45	66	200	40
45	66	200	40
45	66	200	40
45	66	200	40
45	66	200	40
45	66	200	40
45	66	200	40
45	66	200	40
45	66	200	40
45	66	200	40
45	66	200	40
45	66	200	40
45	66	200	40
45	66	200	40
45	66	200	43
45	66	200	43
45	66	200	43
45	66	200	43
45	66	200	43
45	66	200	43
45	66	200	43
45	66	200	43
45	66	200	43
45	66	200	200
45	66	200	200
45	66	200	200
45	66	200	200
45	66	200	200
45	66	200	200
44	67	200	44
44	67	200	44
44	67	200	44
44	67	200	44
44	67	200	44
44	67	200	44
44	67	200	44
44	67	200	44
44	67	200	44
45	67	200	200
45	67	200	200
45	67	200	200
45	67	200	200
45	67	200	200
45	67	200	200
45	67	200	200
44	66	200	200
44	66	200	200
44	66	200	200
44	66	200	200
44	66	200	200
44	66	200	200
44	66	200	200
44	66	200	200
44	66	200	200
44	66	200	200
44	66	200	200
44	66	200	200
44	66	200	200
44	66	200	200
45	66	200	200
45	66	200	200
45	66	200	200
45	66	200	200
45	66	200	200
45	66	200	200
45	66	200	200
45	66	200	200
45	67	200	200
45	67	200	200
45	67	200	200
45	67	200	200
45	67	200	200
45	69	200	200
45	69	200	44
45	69	200	44
45	69	200	44
45	69	200	44
45	69	200	44
45	69	200	44
45	69	200	44
45	69	200	44
45	37	200	200
45	37	200	200
45	37	200	200
45	37	200	200
45	37	200	200
45	37	200	200
45	38	200	44
45	38	200	44
45	38	200	44
45	38	200	44
45	38	200	44
45	38	200	44
45	38	200	44
45	38	200	44
45	38	200	44
45	38	200	44
45	38	200	44
45	38	200	44
45	38	200	44
45	38	200	44
45	38	200	44
45	37	200	44
45	37	200	44
45	37	200	44
45	37	200	44
45	37	200	44
45	37	200	44
45	37	200	44
45	37	200	44
45	37	200	44
45	37	200	44
45	37	200	44
45	37	200	44
45	37	200	44
45	37	200	44
45	37	200	44
45	37	200	44
45	37	200	200
45	37	200	200
45	37	200	200
45	37	200	200
45	37	200	200
45	37	200	200
45	37	200	200
44	38	200	200
44	38	200	200
44	38	200	200
44	38	200	200
44	38	200	200
44	38	200	200
44	38	200	200
44	38	200	200
45	37	200	200
45	37	200	200
45	37	200	200
45	37	200	200
45	37	200	200
45	37	200	200
45	38	200	42
45	38	200	42
45	38	200	42
45	38	200	42
45	38	200	42
45	38	200	42
45	38	200	42
45	38	200	42
45	38	200	42
45	38	200	42
45	38	200	42
45	38	200	42
45	38	200	42
45	38	200	42
45	38	200	42
45	37	200	42
45	37	200	42
45	37	200	42
45	37	200	42
45	37	200	42
45	37	200	42
45	37	200	42
45	37	200	41
45	37	200	41
45	37	200	41
45	37	200	41
45	37	200	41
45	37	200	41
45	37	200	41
45	38	200	41
45	38	200	41
45	38	200	41
45	38	200	41
45	38	200	41
45	38	200	41
45	38	200	41
45	37	200	41
45	37	200	41
45	37	200	41
45	37	200	41
45	37	200	41
45	37	200	41
45	37	200	41
45	37	200	41
45	38	200	41
45	38	200	41
45	38	200	41
45	38	200	41
45	38	200	41
45	38	200	41
45	38	200	41
45	43	200	41
45	43	200	41
45	43	200	41
45	43	200	41
45	43	200	41
45	43	200	41
45	43	200	41
45	53	200	41
45	53	200	41
45	53	200	41
45	53	200	41
45	53	200	41
45	53	200	41
45	53	200	41
45	37	200	41
45	37	200	41
45	37	200	41
45	37	200	41
45	37	200	41
45	37	200	41
45	37	200	41
45	37	200	41
45	58	200	41
45	58	200	41
45	58	200	41
45	58	200	41
45	58	200	41
45	58	200	41
45	58	200	41
45	66	200	41
45	66	200	41
45	66	200	41
45	66	200	41
45	66	200	41
45	66	200	41
45	66	200	41
45	45	200	41
45	45	200	41
45	45	200	41
45	45	200	41
45	45	200	41
45	45	200	41
45	45	200	41
45	45	200	41
45	66	200	41
45	66	200	41
45	66	200	41
45	66	200	41
45	66	200	41
45	66	200	41
45	66	200	41
45	66	200	41
45	66	200	41
45	66	200	41
45	66	200	41
45	66	200	41
45	66	200	41
45	66	200	41
45	66	200	41
45	66	200	41
45	66	200	41
45	66	200	41
45	66	200	41
45	66	200	41
45	66	200	41
45	66	200	41
45	66	200	40
45	66	200	40
45	66	200	40
45	66	200	40
45	66	200	40
45	66	200	40
45	66	200	40
45	67	200	40
45	67	200	40
45	67	200	40
45	67	200	40
45	67	200	40
45	67	200	40
45	67	200	40
45	66	200	40
45	66	200	40
45	66	200	40
45	66	200	40
45	66	200	40
45	66	200	40
45	66	200	40
45	66	200	40
45	66	200	41
45	66	200	41
45	66	200	41
45	66	200	41
45	66	200	41
45	66	200	41
45	66	200	41
45	66	200	40
45	66	200	40
45	66	200	40
45	66	200	40
45	66	200	40
45	66	200	40
45	66	200	40
45	67	200	37
45	67	200	37
45	67	200	37
45	67	200	37
45	67	200	37
45	67	200	37
45	67	200	37
45	67	200	37
45	67	200	31
45	67	200	31
45	67	200	31
45	67	200	31
45	67	200	31
45	67	200	31
45	67	200	31
45	66	200	40
45	66	200	40
45	66	200	40
45	66	200	40
45	66	200	40
45	66	200	40
45	66	200	40
45	66	200	40
45	66	200	40
45	66	200	40
45	66	200	40
45	66	200	40
45	66	200	40
45	66	200	40
45	66	200	40
45	66	200	37
45	66	200	37
45	66	200	37
45	66	200	37
45	66	200	37
45	66	200	37
45	66	200	37
45	66	200	37
45	66	200	37
45	66	200	37
45	66	200	37
45	66	200	37
45	66	200	37
45	66	200	37
45	66	200	37
45	66	200	37
45	66	200	37
45	66	200	37
45	66	200	37
45	66	200	37
45	66	200	37
45	66	200	37
45	67	200	38
45	67	200	38
45	67	200	38
45	67	200	38
45	67	200	38
45	67	200	38
45	67	200	38
45	66	200	38
45	66	200	38
45	66	200	38
45	66	200	38
45	66	200	38
45	66	200	38
45	66	200	38
45	66	200	38
45	66	200	38
45	66	200	38
45	66	200	38
45	66	200	38
45	66	200	38
45	66	200	38
45	66	200	38
45	66	200	38
45	66	200	38
45	66	200	38
45	66	200	38
45	66	200	38
45	66	200	38
45	66	200	38
45	66	38	38
45	66	38	38
45	66	38	38
45	66	38	38
45	66	38	38
45	66	38	38
45	66	38	38
45	66	52	33
45	66	52	33
45	66	52	33
45	66	52	33
45	66	52	33
45	66	52	33
45	66	52	33
45	66	52	33
45	66	90	38
45	66	90	38
45	66	90	38
45	66	90	38
45	66	90	38
45	66	90	38
45	66	90	38
45	67	113	38
45	67	113	38
45	67	113	38
45	67	113	38
45	67	113	38
45	67	113	38
45	67	113	38
44	66	141	37
44	66	141	37
44	66	141	37
44	66	141	37
44	66	141	37
44	66	141	37
44	66	141	37
44	67	141	37
44	67	182	38
44	67	182	38
44	67	182	38
44	67	182	38
44	67	182	38
44	67	182	38
44	67	182	38
45	68	200	38
45	68	200	38
45	68	200	38
45	68	200	38
45	68	200	38
45	68	200	38
45	68	200	38
45	67	200	38
45	67	200	38
45	67	200	38
45	67	200	38
45	67	200	38
45	67	200	38
45	67	200	38
45	67	200	38
45	67	200	38
45	67	200	38
45	67	200	38
45	67	200	38
45	67	200	38
45	67	200	38
45	67	200	38
44	67	200	37
44	67	200	37
44	67	200	37
44	67	200	37
44	67	200	37
44	67	200	37
44	67	200	37
45	67	200	38
45	67	200	38
45	67	200	38
45	67	200	38
45	67	200	38
45	67	200	38
45	67	200	38
45	67	200	38
45	67	200	38
45	67	200	38
45	67	200	38
45	67	200	38
45	67	200	38
45	67	200	200
45	67	200	200
45	67	200	200
45	67	200	200
45	67	200	200
45	67	200	200
45	67	200	200
45	67	200	200
45	67	200	200
45	67	200	200
45	67	200	200
45	67	200	200
45	67	200	200
45	67	200	200
45	67	200	200
45	67	200	200
45	67	200	200
45	67	200	200
45	67	200	200
45	67	200	200
45	67	200	200
45	67	200	200
45	67	200	200
45	67	200	200
45	67	200	200
45	67	200	200
45	67	200	200
45	67	200	200
45	68	200	44
45	68	200	44
45	68	200	44
45	67	200	41
45	67	200	41
45	67	200	41
45	67	200	41
45	67	200	41
45	67	200	41
45	67	200	41
45	67	200	41
45	67	200	41
45	67	200	41
45	67	200	41
45	67	200	41
45	67	200	41
45	67	200	41
45	67	200	41
45	68	200	41
45	68	200	41
45	68	200	41
45	68	200	41
44	67	200	41
44	67	200	41
44	67	200	41
44	67	200	41
45	67	200	41
45	67	200	41
45	67	200	41
45	65	200	41
45	65	200	41
45	65	200	41
45	65	200	41
45	67	200	41
45	67	200	41
45	67	200	41
45	67	200	41
45	67	200	41
45	67	200	41
45	67	200	41
45	67	200	41
45	67	200	41
45	67	200	41
45	67	200	41
45	67	200	41
45	67	200	41
45	67	200	41
45	67	200	41
45	68	200	41
45	68	200	41
45	68	200	41
45	67	200	41
45	67	200	41
45	67	200	41
45	67	200	41
45	67	200	41
45	67	200	41
45	67	200	41
45	67	200	41
45	67	200	41
45	67	200	41
45	67	200	41
45	68	200	41
45	68	200	41
45	68	200	41
45	68	200	41
45	67	200	41
45	67	200	41
45	67	200	41
45	66	200	41
45	66	200	41
45	66	200	41
45	66	200	41
45	68	200	41
45	68	200	41
45	68	200	41
45	68	200	41
45	68	200	41
45	68	200	41
45	68	200	41
45	67	200	41
45	67	200	41
45	67	200	41
45	67	200	41
45	68	200	41
45	68	200	41
45	68	200	41
45	68	200	41
45	67	200	41
45	67	200	41
45	67	200	41
45	68	200	41
45	68	200	41
45	68	200	41
45	68	200	41
45	68	200	41
45	68	200	41
45	68	200	41
45	68	200	41
45	67	200	41
45	67	200	41
45	67	200	41
45	67	200	41
45	67	200	41
45	67	200	41
45	67	200	41
45	67	200	41
45	67	200	41
45	67	200	41
45	67	200	41
45	68	200	41
45	68	200	41
45	68	200	41
45	69	200	41
45	69	200	41
45	69	200	41
45	69	200	41
45	67	200	41
45	67	200	41
45	67	200	41
45	67	200	41
45	69	200	41
45	69	200	41
45	69	200	41
45	69	200	41
45	69	200	41
45	69	200	41
45	69	200	41
45	69	200	41
45	69	200	41
45	69	200	41
45	69	200	41
45	69	200	41
45	69	200	41
45	69	200	41
45	69	200	41
45	69	200	41
45	69	200	41
45	69	200	41
45	69	200	40
45	69	200	40
45	69	200	40
45	69	200	40
45	69	200	40
45	69	200	40
45	69	200	40
45	69	200	40
45	69	200	40
45	69	200	40
45	69	200	40
45	68	200	40
45	68	200	40
45	68	200	40
45	68	200	40
45	69	200	40
45	69	200	40
45	69	200	40
45	69	200	40
45	69	200	40
45	69	200	40
45	69	200	40
45	69	200	40
45	69	200	40
45	69	200	40
45	69	200	40
45	68	200	40
45	68	200	40
45	68	200	40
45	68	200	40
45	68	200	40
45	68	200	40
45	68	200	40
45	69	200	40
45	69	200	40
45	69	200	40
45	69	200	40
45	68	200	40
45	68	200	40
45	68	200	40
45	68	200	40
45	68	200	40
45	68	200	40
45	68	200	40
45	68	200	40
45	68	200	40
45	68	200	40
45	68	200	40
45	68	200	40
45	68	200	40
45	68	200	40
45	68	200	40
45	68	200	40
45	68	200	40
45	68	200	40
45	69	200	40
45	69	200	40
45	69	200	40
45	69	200	40
45	68	200	40
45	68	200	40
45	68	200	40
45	68	200	40
45	68	200	40
45	68	200	40
45	68	200	40
45	68	200	40
45	68	200	40
45	68	200	40
45	68	200	40
45	69	200	40
45	69	200	40
45	69	200	40
45	69	200	40
45	69	200	40
45	69	200	40
45	69	200	40
45	69	200	40
45	69	200	40
45	69	200	40
45	69	200	40
45	70	200	40
45	70	200	40
45	70	200	40
45	70	200	40
45	70	200	40
45	70	200	40
45	70	200	40
45	200	200	40
45	200	200	40
45	200	200	40
45	200	200	40
45	200	200	40
45	200	200	40
45	200	200	40
45	200	200	40
45	200	200	40
45	200	200	40
45	200	200	40
45	200	200	40
45	200	200	40
45	200	200	40
45	200	200	40
45	200	200	40
45	200	200	40
45	200	200	40
45	200	200	40
45	200	200	40
45	200	200	40
45	200	200	40
45	69	200	40
45	69	200	40
45	69	200	40
45	69	200	40
45	69	200	40
45	69	200	40
45	69	200	40
45	69	200	40
44	70	200	40
44	70	200	40
44	70	200	40
44	70	200	40
44	70	200	40
44	70	200	40
44	70	200	40
44	70	200	40
44	70	200	40
44	70	200	40
44	70	200	40
45	38	200	40
45	38	200	40
45	38	200	40
45	38	200	40
45	38	200	40
45	38	200	40
45	38	200	40
45	38	200	40
45	38	200	40
45	38	200	40
45	37	200	40
45	37	200	40
45	37	200	40
45	37	200	40
45	37	200	40
45	37	200	40
45	37	200	40
45	37	200	40
45	37	200	40
45	37	200	40
45	37	200	40
45	38	200	40
45	38	200	40
45	38	200	40
45	38	200	40
45	38	200	40
45	38	200	40
45	38	200	40
45	38	200	40
45	38	200	40
45	38	200	40
45	38	200	40
45	37	200	40
45	37	200	40
45	37	200	40
45	37	200	40
45	37	200	40
45	37	200	40
45	37	200	40
45	37	200	40
45	37	200	40
45	37	200	40
45	37	200	40
45	37	200	41
45	37	200	41
45	37	200	41
45	37	200	41
45	37	200	41
45	37	200	41
45	37	200	41
45	37	200	41
45	37	200	41
45	37	200	41
45	37	200	41
45	37	200	40
45	37	200	40
45	37	200	40
45	37	200	40
45	37	200	40
45	37	200	40
45	37	200	40
45	37	200	40
45	37	200	40
45	37	200	40
45	37	200	40
45	38	200	41
45	38	200	41
45	38	200	41
45	38	200	41
45	38	200	41
45	38	200	41
45	38	200	41
45	38	200	41
45	38	200	41
45	38	200	41
45	38	200	41
45	37	200	42
45	37	200	42
45	37	200	42
45	37	200	42
45	37	200	42
45	37	200	42
45	37	200	42
45	37	200	42
45	37	200	42
45	37	200	42
45	37	200	42
45	37	200	42
45	37	200	42
45	37	200	200
45	37	200	200
45	37	200	200
45	37	200	200
45	37	200	200
45	37	200	200
45	37	200	200
45	37	200	200
45	37	200	200
45	37	200	200
45	37	200	200
45	37	200	200
45	37	200	200
45	37	200	200
44	38	200	200
44	38	200	200
44	38	200	200
44	38	200	200
44	38	200	200
44	38	200	200
45	38	200	44
45	38	200	44
45	38	200	44
45	38	200	44
45	38	200	44
45	38	200	44
45	38	200	44
45	38	200	44
45	37	200	44
45	37	200	44
45	37	200	44
45	37	200	44
45	37	200	44
45	37	200	44
45	37	200	44
45	37	200	44
45	37	200	44
45	37	200	44
45	37	200	44
45	37	200	44
45	37	200	44
45	37	200	44
45	37	200	44
45	37	200	44
45	37	200	200
45	37	200	200
45	37	200	200
45	37	200	200
45	37	200	200
45	37	200	200
45	37	200	200
45	37	200	200
45	37	200	200
45	37	200	200
45	37	200	200
44	200	200	200
44	200	200	200
44	200	200	200
44	200	200	200
44	200	200	200
44	200	200	200
44	200	200	200
45	69	200	200
45	69	200	200
45	69	200	200
45	69	200	200
45	69	200	200
45	69	200	200
45	69	200	44
45	69	200	44
45	69	200	44
45	69	200	44
45	69	200	44
45	69	200	44
45	69	200	44
45	69	200	44
45	69	200	44
45	69	200	200
45	69	200	200
45	69	200	200
45	69	200	200
45	69	200	200
45	69	200	200
45	69	200	44
45	69	200	44
45	69	200	44
45	69	200	44
45	69	200	44
45	69	200	44
45	69	200	44
45	69	200	44
45	69	200	44
45	69	200	200
45	69	200	200
45	69	200	200
45	69	200	200
45	69	200	200
45	69	200	200
45	69	200	200
45	69	200	200
45	69	200	200
45	69	200	200
45	69	200	200
45	69	200	200
45	69	200	200
45	69	200	42
45	69	200	42
45	69	200	42
45	69	200	42
45	69	200	42
45	69	200	42
45	69	200	42
45	69	200	42
45	69	200	42
45	69	200	42
45	69	200	42
45	69	200	42
45	69	200	42
45	69	200	42
45	69	200	38
45	69	200	38
45	69	200	38
45	69	200	38
45	69	200	38
45	69	200	38
45	69	200	38
45	69	200	38
45	69	200	37
45	69	200	37
45	69	200	37
45	69	200	37
45	69	200	37
45	69	200	37
45	69	200	37
45	69	200	38
45	69	200	38
45	69	200	38
45	69	200	38
45	69	200	38
45	69	200	38
45	69	200	38
45	69	200	38
45	69	200	38
45	69	200	38
45	69	200	38
45	69	200	38
45	69	200	38
45	69	200	38
45	69	200	38
45	69	200	36
45	69	200	36
45	69	200	36
45	69	200	36
45	69	200	36
45	69	200	36
45	69	200	36
45	69	41	38
45	69	41	38
45	69	41	38
45	69	41	38
45	69	41	38
45	69	41	38
45	69	41	38
45	69	41	38
45	69	63	37
45	69	63	37
45	69	63	37
45	69	63	37
45	69	63	37
45	69	63	37
45	69	63	37
45	69	74	36
45	69	74	36
45	69	74	36
45	69	74	36
45	69	74	36
45	69	74	36
45	69	74	36
45	69	103	38
45	69	103	38
45	69	103	38
45	69	103	38
45	69	103	38
45	69	103	38
45	69	103	38
45	69	103	38
45	69	119	38
45	69	119	38
45	69	119	38
45	69	119	38
45	69	119	38
45	69	119	38
45	69	119	38
45	69	140	38
45	69	140	38
45	69	140	38
45	69	140	38
45	69	140	38
45	69	140	38
45	69	140	38
45	69	158	37
45	69	158	37
45	69	158	37
45	69	158	37
45	69	158	37
45	69	158	37
45	69	158	37
45	69	158	37
45	69	175	38
45	69	175	38
45	69	175	38
45	69	175	38
45	69	175	38
45	69	175	38
45	69	175	38
45	69	200	37
45	69	200	37
45	69	200	37
45	69	200	37
45	69	200	37
45	69	200	37
45	69	200	37
45	69	200	37
45	69	200	38
45	69	200	38
45	69	200	38
45	69	200	38
45	69	200	38
45	69	200	38
45	69	200	38
45	69	200	38
45	69	200	38
45	69	200	38
45	69	200	38
45	69	200	38
45	69	200	38
45	69	200	38
44	69	200	38
44	69	200	38
44	69	200	38
44	69	200	38
45	69	200	38
45	69	200	38
45	69	200	38
45	69	200	37
45	69	200	37
45	69	200	37
45	69	200	37
45	69	200	38
45	69	200	38
45	69	200	38
45	69	200	38
45	69	200	38
45	69	200	38
45	69	200	38
45	69	200	38
45	69	200	38
45	69	200	38
45	69	200	38
45	69	200	38
45	69	200	38
45	69	200	38
45	69	200	38
45	69	200	38
45	69	200	38
45	69	200	38
45	69	200	38
45	69	200	38
45	69	200	38
45	69	200	38
45	69	200	38
45	69	200	38
45	69	200	200
45	69	200	200
45	69	200	37
45	69	200	37
45	69	200	37
45	69	200	37
45	69	200	37
45	69	200	200
45	69	200	200
45	69	200	200
45	69	200	200
45	69	200	200
45	69	200	200
45	69	200	42
45	69	200	42
45	69	200	42
45	69	200	42
44	69	200	41
44	69	200	41
44	69	200	41
44	69	200	41
44	69	200	41
44	69	200	41
44	69	200	41
44	69	200	41
44	69	200	41
44	69	200	41
44	69	200	41
44	69	200	41
44	69	200	41
44	69	200	41
44	69	200	41
44	69	200	41
44	69	200	41
44	69	200	41
45	69	200	41
45	69	200	41
45	69	200	41
45	69	200	41
45	69	200	41
45	69	200	41
45	69	200	41
45	69	200	41
45	69	200	41
45	69	200	41
45	69	200	41
44	69	200	41
44	69	200	41
44	69	200	41
44	69	200	41
43	69	200	41
43	69	200	41
43	69	200	41
45	69	200	41
45	69	200	41
45	69	200	41
45	69	200	41
45	69	200	41
45	69	200	41
45	69	200	41
45	69	200	41
45	69	200	41
45	69	200	41
45	69	200	41
45	69	200	41
45	69	200	41
45	69	200	41
45	69	200	41
45	69	200	41
45	69	200	41
45	69	200	41
45	69	200	41
45	69	200	41
45	69	200	41
45	69	200	41
45	69	200	41
45	69	200	41
45	69	200	41
45	69	200	41
45	69	200	41
45	69	200	41
45	69	200	41
45	69	200	41
45	69	200	41
45	69	200	41
45	69	200	41
45	67	200	41
45	67	200	41
45	67	200	41
45	67	200	41
45	69	200	41
45	69	200	41
45	69	200	41
45	69	200	41
45	69	200	41
45	69	200	41
45	69	200	41
45	69	200	41
45	69	200	41
45	69	200	41
45	69	200	41
45	69	200	41
45	69	200	41
45	69	200	41
45	69	200	41
45	69	200	41
45	69	200	41
45	69	200	41
44	69	200	41
44	69	200	41
44	69	200	41
44	69	200	41
45	69	200	41
45	69	200	41
45	69	200	41
45	69	200	41
45	69	200	41
45	69	200	41
45	69	200	41
44	69	200	41
44	69	200	41
44	69	200	41
44	69	200	41
44	68	200	41
44	68	200	41
44	68	200	41
44	68	200	41
44	68	200	41
44	68	200	41
44	68	200	41
44	68	200	40
44	68	200	40
44	68	200	40
44	68	200	40
44	68	200	40
44	68	200	40
44	68	200	40
44	68	200	40
45	68	200	40
45	68	200	40
45	68	200	40
45	68	200	40
45	68	200	40
45	68	200	40
45	68	200	40
45	68	200	40
45	68	200	40
45	68	200	40
45	68	200	40
45	68	200	40
45	68	200	40
45	68	200	40
45	68	200	40
45	68	200	40
45	68	200	40
45	68	200	40
45	68	200	40
45	68	200	40
45	68	200	40
45	68	200	40
45	69	200	41
45	69	200	41
45	69	200	41
45	69	200	41
45	69	200	41
45	69	200	41
45	69	200	41
45	68	200	40
45	68	200	40
45	68	200	40
45	68	200	40
45	68	200	40
45	68	200	40
45	68	200	40
45	69	200	40
45	69	200	40
45	69	200	40
45	69	200	40
45	69	200	40
45	69	200	40
45	69	200	40
45	69	200	40
45	69	200	40
45	69	200	40
45	69	200	40
45	69	200	40
45	69	200	40
45	69	200	40
45	69	200	40
45	69	200	40
45	69	200	40
45	69	200	40
45	69	200	40
45	69	200	40
45	69	200	40
45	69	200	40
45	69	200	40
45	69	200	40
45	69	200	40
45	69	200	40
45	69	200	40
45	69	200	40
45	69	200	40
45	69	200	40
45	68	44	40
45	68	44	40
45	68	44	40
45	68	44	40
45	68	44	40
45	68	44	40
45	68	44	40
45	69	120	40
45	69	120	40
45	69	120	40
45	69	120	40
45	69	120	40
45	69	120	40
45	69	120	40
45	69	43	40
45	69	43	40
45	69	43	40
45	69	43	40
45	69	43	40
45	69	43	40
45	69	43	40
45	69	43	40
45	68	51	40
45	68	51	40
45	68	51	40
45	68	51	40
45	68	51	40
45	68	51	40
45	68	51	40
45	68	54	40
45	68	54	40
45	68	54	40
45	68	54	40
45	68	54	40
45	68	54	40
45	68	54	40
45	69	67	40
45	69	67	40
45	69	67	40
45	69	67	40
45	69	67	40
45	69	67	40
45	69	67	40
45	69	67	40
45	68	83	40
45	68	83	40
45	68	83	40
45	68	83	40
45	68	83	40
45	68	83	40
45	68	83	40
45	68	95	40
45	68	95	40
45	68	95	40
45	68	95	40
45	68	95	40
45	68	95	40
45	68	95	40
45	68	99	40
45	68	99	40
45	68	99	40
45	68	99	40
45	68	99	40
45	68	99	40
45	68	99	40
45	68	99	40
45	69	147	40
45	69	147	40
45	69	147	40
45	69	147	40
45	69	147	40
45	69	147	40
45	69	147	40
45	69	103	40
45	69	103	40
45	69	103	40
45	69	103	40
45	69	103	40
45	69	103	40
45	69	103	40
45	69	200	40
45	69	200	40
45	69	200	40
45	69	200	40
45	69	200	40
45	69	200	40
45	69	200	40
45	37	200	40
45	37	200	40
45	37	200	40
45	37	200	40
45	37	200	40
45	37	200	40
45	37	200	40
45	38	200	40
45	38	200	40
45	38	200	40
45	38	200	40
45	38	200	40
45	38	200	40
45	38	200	40
45	38	200	40
45	37	200	40
45	37	200	40
45	37	200	40
45	37	200	40
45	37	200	40
45	37	200	40
45	37	200	40
45	38	200	40
45	38	200	40
45	38	200	40
45	38	200	40
45	38	200	40
45	38	200	40
45	38	200	40
45	38	200	40
45	38	200	40
45	38	200	40
45	38	200	40
45	38	200	40
45	38	200	40
45	38	200	40
45	38	200	40
45	37	200	40
45	37	200	40
45	37	200	40
45	37	200	40
45	37	200	40
45	37	200	40
45	37	200	40
45	33	200	40
45	33	200	40
45	33	200	40
45	33	200	40
45	33	200	40
45	33	200	40
45	33	200	40
45	33	200	40
45	37	200	40
45	37	200	40
45	37	200	40
45	37	200	40
45	37	200	40
45	37	200	40
45	37	200	40
45	37	200	40
45	37	200	40
45	37	200	40
45	37	200	40
45	37	200	40
45	37	200	40
45	37	200	40
45	37	200	40
45	37	200	40
45	37	200	40
45	37	200	40
45	37	200	40
45	37	200	40
45	37	200	40
45	37	200	40
45	36	200	40
45	36	200	40
45	36	200	40
45	36	200	40
45	36	200	40
45	36	200	40
45	36	200	40
45	37	200	40
45	37	200	40
45	37	200	40
45	37	200	40
45	37	200	40
45	37	200	40
45	37	200	40
45	37	200	40
45	37	200	40
45	37	200	40
45	37	200	40
45	37	200	40
45	37	200	40
45	37	200	40
45	37	200	40
45	37	200	40
45	37	200	40
45	37	200	40
45	37	200	40
45	37	200	40
45	37	200	40
45	37	200	40
45	38	200	40
45	38	200	40
45	38	200	40
45	38	200	40
45	38	200	40
45	38	200	40
45	38	200	40
45	37	200	40
45	37	200	40
45	37	200	40
45	37	200	40
45	37	200	40
45	37	200	40
45	37	200	40
45	37	200	40
45	37	200	40
45	37	200	40
45	37	200	40
45	37	200	40
45	37	200	40
45	37	200	40
45	37	200	40
46	36	200	40
46	36	200	40
46	36	200	40
46	36	200	40
46	36	200	40
46	36	200	40
46	36	200	40
46	36	200	40
45	38	200	40
45	38	200	40
45	38	200	40
45	38	200	40
45	38	200	40
45	38	200	40
45	38	200	40
45	38	200	40
45	38	200	40
45	38	200	40
45	37	200	40
45	37	200	40
45	37	200	40
45	37	200	40
45	37	200	40
45	37	200	40
45	37	200	40
45	37	200	40
45	37	200	40
45	37	200	40
45	37	200	40
45	37	200	40
45	69	200	40
45	69	200	40
45	69	200	40
45	69	200	40
45	69	200	40
45	69	200	40
45	69	200	40
45	69	200	40
45	69	200	40
45	69	200	40
45	69	200	40
45	200	200	40
45	200	200	40
45	200	200	40
45	200	200	40
45	200	200	40
45	200	200	40
45	200	200	40
45	200	200	40
45	200	200	40
45	200	200	40
45	200	200	40
45	36	200	35
45	36	200	35
45	36	200	35
45	36	200	35
45	36	200	35
45	36	200	35
45	36	200	35
45	36	200	35
45	36	200	35
45	36	200	35
45	36	200	35
45	200	200	40
45	200	200	40
45	200	200	40
45	200	200	40
45	200	200	40
45	200	200	40
45	200	200	40
45	200	200	40
45	200	200	40
45	200	200	40
45	200	200	40
45	68	200	41
45	68	200	41
45	68	200	41
45	68	200	41
45	68	200	41
45	68	200	41
45	68	200	41
45	68	200	41
45	68	200	41
45	68	200	41
45	68	200	41
45	68	200	41
45	70	200	200
45	70	200	200
45	70	200	200
45	70	200	200
45	70	200	200
45	70	200	200
45	70	200	200
45	70	200	200
45	70	200	200
45	70	200	200
45	70	200	200
45	71	200	200
45	71	200	200
45	71	200	200
45	71	200	200
45	71	200	200
45	71	200	200
45	71	200	200
45	71	200	200
45	66	200	200
45	66	200	200
45	66	200	200
45	66	200	200
45	66	200	200
45	66	200	200
45	66	200	200
45	66	36	200
45	66	36	200
45	66	36	200
45	66	36	200
45	66	36	200
45	66	36	200
45	66	36	200
45	66	36	200
45	66	36	200
45	66	36	200
45	66	36	200
45	66	54	200
45	66	54	200
45	66	54	200
45	66	54	200
45	66	54	200
45	66	54	200
45	66	54	200
45	66	54	200
45	66	54	200
45	66	54	200
44	66	109	38
44	66	109	38
44	66	109	38
44	66	109	38
44	66	109	38
44	66	109	38
44	66	109	38
45	69	48	38
45	69	48	38
45	69	48	38
45	69	48	38
45	69	48	38
45	69	48	38
45	69	48	38
45	69	47	38
45	69	47	38
45	69	47	38
45	69	47	38
45	69	47	38
45	69	47	38
45	69	47	38
45	69	47	38
45	69	51	38
45	69	51	38
45	69	51	38
45	69	51	38
45	69	51	38
45	69	51	38
45	69	51	38
45	70	56	38
45	70	56	38
45	70	56	38
45	70	56	38
45	70	56	38
45	70	56	38
45	70	56	38
45	70	65	38
45	70	65	38
45	70	65	38
45	70	65	38
45	70	65	38
45	70	65	38
45	70	65	38
45	70	65	38
45	70	69	38
45	70	69	38
45	70	69	38
45	70	69	38
45	70	69	38
45	70	69	38
45	70	69	38
45	66	71	38
45	66	71	38
45	66	71	38
45	66	71	38
45	66	71	38
45	66	71	38
45	66	71	38
45	66	71	38
45	66	79	38
45	66	79	38
45	66	79	38
45	66	79	38
45	66	79	38
45	66	79	38
45	66	79	38
45	66	83	38
45	66	83	38
45	66	83	38
45	66	83	38
45	66	83	38
45	66	83	38
45	66	83	38
45	66	76	38
45	66	76	38
45	66	76	38
45	66	76	38
45	66	76	38
45	66	76	38
45	66	76	38
45	67	79	38
45	67	79	38
45	67	79	38
45	67	79	38
45	67	79	38
45	67	79	38
45	67	79	38
45	67	79	38
45	67	79	38
45	67	79	38
45	67	79	38
45	46	91	38
45	46	91	38
45	46	91	38
45	46	91	38
45	46	91	38
45	46	91	38
45	46	91	38
45	46	91	38
45	46	91	38
45	46	91	38
45	46	91	38
45	37	90	38
45	37	90	38
45	37	90	38
45	37	90	38
45	37	90	38
45	37	90	38
45	37	90	38
45	37	90	38
45	37	90	38
45	37	90	38
45	37	90	38
45	45	76	38
45	45	76	38
45	45	76	38
45	45	76	38
45	45	76	38
45	45	76	38
45	45	76	38
45	45	76	38
45	45	76	38
45	45	76	38
45	45	76	38
45	45	76	38
45	58	78	42
45	58	78	42
45	58	78	42
45	58	78	42
45	58	78	42
45	58	78	42
45	58	78	42
45	58	78	42
45	58	78	42
45	58	78	42
45	58	78	42
45	66	77	42
45	66	77	42
45	66	77	42
45	66	77	42
45	66	77	42
45	66	77	42
45	66	77	42
45	66	77	42
45	66	77	42
45	66	77	42
45	66	77	42
45	67	80	41
45	67	80	41
45	67	80	41
45	67	80	41
45	67	80	41
45	67	80	41
45	67	80	41
45	67	80	41
45	67	80	41
45	67	80	41
45	67	80	41
45	67	69	41
45	67	69	41
45	67	69	41
45	67	69	41
45	67	69	41
45	67	69	41
45	67	69	41
45	67	69	41
45	67	69	41
45	67	69	41
45	67	69	41
45	66	72	41
45	66	72	41
45	66	72	41
45	66	72	41
45	66	72	41
45	66	72	41
45	66	72	41
45	66	72	41
45	66	72	41
45	66	72	41
45	66	72	41
45	66	71	41
45	66	71	41
45	66	71	41
45	66	71	41
45	66	71	41
45	66	71	41
45	66	71	41
45	66	71	41
45	66	71	41
45	66	71	41
45	66	71	41
45	66	87	41
45	66	87	41
45	66	87	41
45	66	87	41
45	66	87	41
45	66	87	41
45	66	87	41
45	66	87	41
45	66	87	41
45	66	87	41
45	66	87	41
45	66	80	41
45	66	80	41
45	66	80	41
45	66	80	41
45	66	80	41
45	66	80	41
45	66	80	41
45	66	80	41
45	66	80	41
45	66	80	41
45	66	80	41
45	66	83	41
45	66	83	41
45	66	83	41
45	66	83	41
45	66	83	41
45	66	83	41
45	66	83	41
45	66	83	41
45	66	83	41
45	66	83	41
45	66	83	41
45	66	113	41
45	66	113	41
45	66	113	41
45	66	113	41
45	66	113	41
45	66	113	41
45	66	113	41
45	66	113	41
45	66	113	41
45	66	113	41
45	66	113	41
45	42	111	41
45	42	111	41
45	42	111	41
45	42	111	41
45	42	111	41
45	42	111	41
45	42	111	41
45	42	111	41
45	42	111	41
45	42	111	41
45	42	111	41
45	60	102	41
45	60	102	41
45	60	102	41
45	60	102	41
45	60	102	41
45	60	102	41
45	60	102	41
45	60	102	41
45	60	102	41
45	60	102	41
45	60	102	41
45	58	113	41
45	58	113	41
45	58	113	41
45	58	113	41
45	58	113	41
45	58	113	41
45	58	113	41
45	58	113	41
45	58	113	41
45	58	113	41
45	58	113	41
45	66	145	41
45	66	145	41
45	66	145	41
45	66	145	41
45	66	145	41
45	66	145	41
45	66	145	41
45	66	145	41
45	66	145	41
45	66	145	41
45	66	145	41
45	66	143	41
45	66	143	41
45	66	143	41
45	66	143	41
45	66	143	41
45	66	143	41
45	66	143	41
45	66	143	41
45	66	143	41
45	66	143	41
45	66	143	41
45	66	87	40
45	66	87	40
45	66	87	40
45	66	87	40
45	66	87	40
45	66	87	40
45	66	87	40
45	66	87	40
45	66	87	40
45	66	87	40
45	66	87	40
45	66	94	40
45	66	94	40
45	66	94	40
45	66	94	40
45	66	94	40
45	66	94	40
45	66	94	40
45	66	94	40
45	66	94	40
45	66	94	40
45	66	94	40
44	66	146	40
44	66	146	40
44	66	146	40
44	66	146	40
44	66	146	40
44	66	146	40
44	66	146	40
44	66	146	40
44	66	146	40
44	66	146	40
44	66	146	40
44	66	146	40
44	66	146	40
44	66	146	40
44	66	146	40
44	66	146	40
44	66	146	40
44	66	146	40
44	66	146	40
44	66	146	40
44	66	146	40
44	66	146	40
44	68	108	40
44	68	108	40
44	68	108	40
44	68	108	40
44	68	108	40
44	68	108	40
44	68	108	40
44	68	108	40
44	68	108	40
44	68	108	40
44	68	108	40
45	66	145	40
45	66	145	40
45	66	145	40
45	66	145	40
45	66	145	40
45	66	145	40
45	66	145	40
45	66	145	40
45	66	145	40
45	66	145	40
45	66	145	40
44	66	108	40
44	66	108	40
44	66	108	40
44	66	108	40
44	66	108	40
44	66	108	40
44	66	108	40
44	66	108	40
44	66	108	40
44	66	108	40
44	66	108	40
45	68	176	40
45	68	176	40
45	68	176	40
45	68	176	40
45	68	176	40
45	68	176	40
45	68	176	40
45	68	176	40
45	68	176	40
45	68	176	40
45	68	176	40
45	68	191	40
45	68	191	40
45	68	191	40
45	68	191	40
45	68	191	40
45	68	191	40
45	68	191	40
45	68	191	40
45	68	191	40
45	68	191	40
45	68	191	40
45	69	200	40
45	69	200	40
45	69	200	40
45	69	200	40
45	69	200	40
45	69	200	40
45	69	200	40
45	69	200	40
45	69	200	40
45	69	200	40
45	69	200	40
45	69	200	40
45	69	200	40
45	69	200	40
45	69	200	40
